(757.734985,500.000000)h 0
(786.602478,550.000000)h 1
(746.630737,500.000000)h 0
(769.946106,550.000000)h 1
(736.396973,500.000000)h 0
(754.595459,550.000000)h 1
(726.794922,500.000000)h 0
(740.192383,550.000000)h 1
(753.589844,600.000000)h 2
(766.987305,650.000000)h 3
(717.632690,500.000000)h 0
(726.449036,550.000000)h 1
(735.265381,600.000000)h 2
(708.748901,500.000000)h 0
(713.123352,550.000000)h 1
(717.497803,600.000000)h 2
(700.000000,500.000000)h 0
(700.000000,550.000000)h 1
(700.000000,600.000000)h 2
(691.251099,500.000000)h 0
(686.876648,550.000000)h 1
(682.367310,500.000000)h 0
(673.550964,550.000000)h 1
(673.205078,500.000000)h 0
(659.807617,550.000000)h 1
(663.603027,500.000000)h 0
(645.404541,550.000000)h 1
(627.206055,600.000000)h 2
(653.369263,500.000000)h 0
(630.053894,550.000000)h 1
(606.738525,600.000000)h 2
(642.265015,500.000000)h 0
(613.397522,550.000000)h 1
(584.530029,600.000000)h 2
(629.979248,500.000000)h 0
(594.968872,550.000000)h 1
(616.090088,500.000000)h 0
(574.135132,550.000000)h 1
(600.000000,500.000000)h 0
(550.000000,550.000000)h 1
(580.824585,500.000000)h 0
(521.236938,550.000000)h 1
(461.649261,600.000000)h 2
(402.061584,650.000000)h 3
(557.185181,500.000000)h 0
(485.777771,550.000000)h 1
(526.794922,500.000000)h 0
(440.192383,550.000000)h 1
(485.549316,500.000000)h 0
(378.323975,550.000000)h 1
(425.252319,500.000000)h 0
(287.878479,550.000000)h 1
(150.504639,600.000000)h 2
(326.795044,500.000000)h 0
(140.192581,550.000000)h 1
(-46.409882,600.000000)h 2
(132.872192,500.000000)h 0
(-150.691711,550.000000)h 1
(-443.003448,500.000000)h 0
(128.496277,349.000000)h 0
(416.435608,349.000000)h 0
(513.397339,349.000000)h 0
(562.626038,349.000000)h 0
(592.774597,349.000000)h 0
(613.397400,349.000000)h 0
(628.592529,349.000000)h 0
(640.412292,349.000000)h 0
(650.000000,349.000000)h 0
(658.044983,349.000000)h 0
(664.989624,349.000000)h 0
(671.132446,349.000000)h 0
(676.684570,349.000000)h 0
(681.801453,349.000000)h 0
(686.602539,349.000000)h 0
(691.183655,349.000000)h 0
(695.625549,349.000000)h 0
(700.000000,349.000000)h 0
(700.000000,299.000000)h 1
(700.000000,249.000000)h 2
(700.000000,199.000000)h 3
(700.000000,149.000000)h 4
(704.374390,349.000000)h 0
(708.748779,299.000000)h 1
(713.123169,249.000000)h 2
(717.497559,199.000000)h 3
(721.871948,149.000000)h 4
(708.816345,349.000000)h 0
(717.632690,299.000000)h 1
(726.449036,249.000000)h 2
(735.265381,199.000000)h 3
(744.081726,149.000000)h 4
(708.816345,349.000000)h 0
(717.632690,299.000000)h 1
(726.449036,249.000000)h 2
(735.265381,199.000000)h 3
(744.081726,149.000000)h 4
(708.816345,349.000000)h 0
(717.632690,299.000000)h 1
(726.449036,249.000000)h 2
(735.265381,199.000000)h 3
(744.081726,149.000000)h 4
(708.816345,349.000000)h 0
(717.632690,299.000000)h 1
(726.449036,249.000000)h 2
(735.265381,199.000000)h 3
(744.081726,149.000000)h 4
(708.816345,349.000000)h 0
(717.632690,299.000000)h 1
(726.449036,249.000000)h 2
(735.265381,199.000000)h 3
(744.081726,149.000000)h 4
(720.171204,299.000000)h 0
(728.987549,249.000000)h 1
(737.803894,199.000000)h 2
(746.620239,149.000000)h 3
(722.709778,299.000000)h 0
(731.526123,249.000000)h 1
(740.342468,199.000000)h 2
(749.158813,149.000000)h 3
(725.248352,299.000000)h 0
(734.064697,249.000000)h 1
(742.881042,199.000000)h 2
(751.697388,149.000000)h 3
(727.786926,299.000000)h 0
(736.603271,249.000000)h 1
(745.419617,199.000000)h 2
(754.235962,149.000000)h 3
(730.325439,299.000000)h 0
(739.141785,249.000000)h 1
(747.958130,199.000000)h 2
(756.774475,149.000000)h 3
(732.864014,299.000000)h 0
(741.680359,249.000000)h 1
(750.496704,199.000000)h 2
(759.313049,149.000000)h 3
(735.402588,299.000000)h 0
(744.218933,249.000000)h 1
(753.035278,199.000000)h 2
(761.851624,149.000000)h 3
(737.941101,299.000000)h 0
(746.757446,249.000000)h 1
(755.573792,199.000000)h 2
(764.390137,149.000000)h 3
(740.479675,299.000000)h 0
(749.296021,249.000000)h 1
(758.112366,199.000000)h 2
(766.928711,149.000000)h 3
(743.018250,299.000000)h 0
(751.834595,249.000000)h 1
(760.650940,199.000000)h 2
(769.467285,149.000000)h 3
(740.479675,299.0