./cub3d maps/1.cub
1		R  1000 600
2		NO textures/1.xpm
3		SO textures/6.xpm
4		WE textures/7.xpm
5		EA textures/8.xpm
6		S textures/sprite_4.xpm
7		
8		
9		     1   1   1   1   1   1   1   1   1   1   1   1   1   1   1   1   1   1   1   1   1   111111111111
1	    101 101 101 101 101 101 101 101 101 101 101 101 101 101 101 101 101 101 101 101 101 1000000000000111111111
2	   10001000100010001000100010001000100010001000100010001000100000001000100010001000100010000110001100000000001
3	  100000000000000000000000000000000000000000000000000000000000000000000000000000000000000001  101  10000000001
4	 10011110001100001100011110001111111000111111111000111110001100001100011111100000000000000001  1  100000000021
5	1001    101  1001  101    101       101         101     101  1001  101      100000000000000001   1000000000001
6	1201   1101  1001  101  11101  11111001   111   101  111101  1001  10011  110000000000000000001 10000000000021
7	1001  10001  1001  101  10001  10000001   1 1   101  100001  1001  10001  100111001110111011100100111101110001
8	1201  10001  1111  101  11101  10000001   111   101  111001  1111  10001  100101000010001010100000100101000001
9	1001  10001        101    101  10111101         101     101        10001  100001001110111000101110111001011101
10	1201  10001  1111  101  11101  101  101  11111  1001111 101  1111  10001  100001000010001000100000100101001001
11	1001  10001  1001  101  10001  1001 101  10001  1000001 101  1001  10001  100011101110111000100000111001111021
12	1201   1101  1001  101  11101  1111 101  10001  1011111 101  1001  10011  100000000000000000000000000000000001
13	1001    101  1001  101    101       101  10001  101     101  1001  101      1000202020202020202020202020202021
14	12001111000110001110001111000111111100011000011100011111000110000110001111110002111111111111111111111111111111   
15	120000000000000000000000000000000000000000000000000000000W0000000000000000000021
16	 120000000000000000000000000000000000000000000000000000000000000000000000000021 
17	  1200000000001100110111100100010111011101000100100111001001001111000000000001  
18	   120000000011001100000110110010100001001000101 1010100101001100000000000001 
19	    10000000110011000001100101010111001001010101 101100011000011000000000021   
20	     1200001111110011111000100110100001001101101 10101001010000111110000001     
21	      12000000110011000000010001011100100010100010010010100100000001100021  
22	       120000110001100000000000000000000000000000000000000000000000110001    
23	        1200110000111111111111111111111111111111111111111111111111111021    
24	         10000000000000000000000000000000000000000000000000000000000001
25	          102020202020202020202020202020202020202020202020202020202021  
26	           1111111111111111111111111111111111111111101111111111111111                
27	 
28	

 resolution [1000, 600]
 north texture 	 0
 south texture 	 0
 west texture 	 0
 east texture 	 0
 sprit texture 	 0
 floor_color 		 [-1, -1, -1094795586]
 ceilling_color 	 [-1, -1, -1094795586]
 is valid 1 W
 line : 28, colomn : 113
player: (15,57)

 valide : 1

     1   1   1   1   1   1   1   1   1   1   1   1   1   1   1   1   1   1   1   1   1   111111111111            
    101 101 101 101 101 101 101 101 101 101 101 101 101 101 101 101 101 101 101 101 101 1000000000000111111111   
   10001000100010001000100010001000100010001000100010001000100000001000100010001000100010000110001100000000001   
  100000000000000000000000000000000000000000000000000000000000000000000000000000000000000001  101  10000000001   
 10011110001100001100011110001111111000111111111000111110001100001100011111100000000000000001  1  100000000021   
1001    101  1001  101    101       101         101     101  1001  101      100000000000000001   1000000000001   
1201   1101  1001  101  11101  11111001   111   101  111101  1001  10011  110000000000000000001 10000000000021   
1001  10001  1001  101  10001  10000001   1 1   101  100001  1001  10001  100111001110111011100100111101110001   
1201  10001  1111  101  11101  10000001   111   101  111001  1111  10001  100101000010001010100000100101000001   
1001  10001        101    101  10111101         101     101        10001  100001001110111000101110111001011101   
1201  10001  1111  101  11101  101  101  11111  1001111 101  1111  10001  100001000010001000100000100101001001   
1001  10001  1001  101  10001  1001 101  10001  1000001 101  1001  10001  100011101110111000100000111001111021   
1201   1101  1001  101  11101  1111 101  10001  1011111 101  1001  10011  100000000000000000000000000000000001   
1001    101  1001  101    101       101  10001  101     101  1001  101      1000202020202020202020202020202021   
12001111000110001110001111000111111100011000011100011111000110000110001111110002111111111111111111111111111111   
12000000000000000000000000000000000000000000000000000000000000000000000000000021                                 
 120000000000000000000000000000000000000000000000000000000000000000000000000021                                  
  1200000000001100110111100100010111011101000100100111001001001111000000000001                                   
   120000000011001100000110110010100001001000101 1010100101001100000000000001                                    
    10000000110011000001100101010111001001010101 101100011000011000000000021                                     
     1200001111110011111000100110100001001101101 10101001010000111110000001                                      
      12000000110011000000010001011100100010100010010010100100000001100021                                       
       120000110001100000000000000000000000000000000000000000000000110001                                        
        1200110000111111111111111111111111111111111111111111111111111021                                         
         10000000000000000000000000000000000000000000000000000000000001                                          
          102020202020202020202020202020202020202020202020202020202021                                           
           1111111111111111111111111111111111111111101111111111111111                                            
                                                                                                                 
